image: aceb.png
resolution: 0.1
origin: [-10.48444652557373, -30.849525451660156, 0.0]
negate: 0
occupied_thresh: 0.65
free_thresh: 0.196